# **************************************************************************** #
#                                                                              #
#                                                         :::      ::::::::    #
#    Makefile                                           :+:      :+:    :+:    #
#                                                     +:+ +:+         +:+      #
#    By: jaxztan <jaxztan@student.42.fr>            +#+  +:+       +#+         #
#                                                 +#+#+#+#+#+   +#+            #
#    Created: 2025/02/09 12:35:05 by chtan             #+#    #+#              #
#    Updated: 2025/10/21 10:13:29 by jaxztan          ###   ########.fr        #
#                                                                              #
# **************************************************************************** #

NAME        = ./PmergeMe
CXX         = c++
CXXFLAGS    = -Wall -Wextra -Werror -pedantic -std=c++98 -g3
SRC_DIR     = ./src
INC_DIR     = ./inc
OBJ_DIR     = ./obj
SRCS        = $(wildcard $(SRC_DIR)/*.cpp)
OBJS        = $(patsubst $(SRC_DIR)/%.cpp,$(OBJ_DIR)/%.o,$(SRCS))

# ------------------------------------------------------------------#
# Rules to prevent relinking                                         #
# ------------------------------------------------------------------#
all: $(NAME)
	@echo "\033[0;32mâœ… Program is ready!\033[0m"

$(NAME): $(OBJS)
	@$(CXX) $(CXXFLAGS) $(OBJS) -o $@
	@echo "\033[0;32mðŸ”§ Linking complete!\033[0m"

$(OBJ_DIR)/%.o: $(SRC_DIR)/%.cpp
	@mkdir -p $(OBJ_DIR)
	@$(CXX) $(CXXFLAGS) -I$(INC_DIR) -c $< -o $@

clean:
	@rm -rf $(OBJ_DIR)
	@echo "\033[0;31mðŸ§¹ Cleaned object files!\033[0m"

fclean: clean
	@rm -f $(NAME)
	@echo "\033[0;31mðŸ—‘ï¸  Full clean complete!\033[0m"

re: fclean all

run: $(NAME)
	@./PmergeMe 5 1 2 4 3

bignum: $(NAME)
	@./PmergeMe 5860 7813 2792 5297 8504 801 426 4521 7642 2277 3175 573 4821 774 559 9382 3976 8164 144 6550 2584 1562 7504 8805 6135 9154 8041 7774 9199 1671 1370 3051 8922 1318 410 182 4983 1642 3163 8692 7905 1229 7134 3022 2789 4554 4635 9396 6468 8229 9568 9800 2508 9167 5912 9650 7377 6679 4019 8914 3271 7188 3653 8035 9947 1870 3180 9802 2871 5865 6701 7723 6362 3528 8349 6548 8801 9804 6096 9739 8629 5143 5359 3823 9282 17 9488 5090 7666 1365 7146 1854 5634 3356 5536 5165 4258 849 8216 2456 7751 9116 3949 2189 1593 3941 4675 3787 9855 4300 597 7304 9460 8763 4246 5778 9137 5448 2939 9264 1240 4069 4725 6123 6543 8706 3795 8589 654 9130 9909 6928 5828 822 5319 3610 7408 9462 9016 1040 1693 5842 993 3183 7511 7909 64 8427 8670 3913 361 921 2285 848 4474 4206 3252 6471 2974 821 7344 5293 7865 9314 6245 8033 1516 9273 6611 5198 5544 674 1778 2377 6838 2306 5972 8622 909 3266 2898 9472 2374 5922 2322 9285 5304 8808 3817 6002 9069 2490 3162 3427 4387 1787 513 4581 88 2912 3642 816 3129 5071 2751 4454 3333 9510 682 9161 4105 6840 5195 4622 5360 8186 6489 2338 9943 2697 6029 7111 9342 7699 333 5487 2801 2566 706 3816 3326 1375 2951 7081 598 9029 9411 4839 1817 30 7247 8943 3441 6544 4932 1214 973 7173 539 9007 5028 823 7354 7626 8107 2480 3209 8886 7593 206 1284 1004 1469 6703 2988 2519 1089 7879 8918 4514 9809 8122 7896 4781 5200 121 6050 6904 8372 1252 3205 8204 2867 1264 2004 948 8557 3402 933 8447 57 3204 7859 5858 9714 454 5843 4288 3707 4044 7066 8322 4345 2092 9438 8240 4694 1162 9182 6850 9400 1867 1585 7076 2756 5547 6599 9818 3155 910 35 5814 713 907 6273 4420 7992 1184 7643 9404 9970 757 2240 9385 8902 6220 6522 852 7317 699 7025 3214 791 4265 6614 9673 1331 6275 9652 390 9458 7711 6959 3935 1483 8318 7876 2543 5437 4505 1824 6530 5107 3541 3600 547 8799 1480 6232 1955 4144 7358 4234 1482 6853 9 7605 7885 1163 1625 2754 2414 1367 1568 8406 2031 6991 5109 3669 7249 1192 4349 3442 7212 1545 7718 3896 9689 8525 20 3633 1246 640 1719 7193 1664 6198 1161 1319 7259 5024 1916 6729 1021 4844 6696 4154 3698 4693 9075 8505 1080 9122 6738 5091 4906 2650 2976 7128 7231 303 148 4897 1932 1689 1253 4128 169 8996 1547 2118 8120 366 7752 462 743 113 8234 329 912 5674 6477 1864 3989 6479 6833 9682 9445 4278 8634 101 5846 9670 7575 7242 78 8 9899 4774 8105 7924 4263 4534 5208 4157 5236 8868 7315 2417 3201 2305 2370 6188 8489 5445 3822 3658 9688 1999 4854 8782 4070 467 2353 1110 5463 7922 8660 298 5735 2489 5148 2167 6683 991 428 4730 4213 9169 5892 9632 4989 5709 262 6814 7001 2526 1446 7715 3956 8954 5960 9201 9749 1614 4578 8527 3794 8439 1794 6507 186 7750 8847 1271 3801 8506 5626 8544 5576 95 373 4359 5981 8167 1203 4384 5087 6317 4652 4883 9745 1785 8081 1150 2600 5347 8888 6992 1703 279 162 5506 8984 5849 5618 5289 8566 7516 8661 3750 2017 3245 1173 9152 1914 5747 2402 2762 1230 2715 9672 9620 9537 9384 2793 7601 2384 5937 8140 4805 1699 1842 826 9587 4885 3 831 9198 9057 3085 9053 4173 9662 2149 6687 6728 8099 3253 2339 5963 7220 3472 5222 6435 1293 5070 6380 3833 4525 2037 7417 9896 8870 8293 7771 4938 833 8627 2293 2064 503 3942 4779 6642 9025 524 6995 4793 4987 5561 7797 8490 3671 3346 2093 4911 7855 6230 6998 9560 3083 9993 8128 4180 9857 2150 5295 7913 9353 5699 5765 6204 5690 9244 3538 9579 3933 746 2340 1194 8827 9267 1839 3336 5685 7741 7378 7034 3372 8423 9280 6043 3759 2880 3401 4794 4717 9963 3519 6212 3738 2408 7659 5726 9817 4479 4308 5797 6021 2743 9000 7706 2840 3791 953 6055 8212 8755 8962 2560 8699 2723 9468 5696 8517 9200 2759 928 5277 9150 4470 9180 2361 5569 7987 9274 7477 9446 4681 8455 1522 7396 5131 900 9609 2372 8090 7641 556 1501 5412 4618 9440 5049 1473 6117 2074 3497 9155 6843 6667 3486 2147 136 1154 7939 8013 7975 7627 2500 2794 5951 908 9635 8274 1048 621 1711 448 4602 6449 2611 6634 2144 9634 4526 2232 5365 3305 9708 4153 7451 7563 4930 4262 7795 7139 6382 2771 781 1830 8860 9935 7306 2615 4745 5861 5252 2418 8929 5221 2556 5421 9780 6802 3627 3973 9048 9602 1189 9762 6225 7143 8619 3398 9257 116 3438 2701 74 9124 9527 6622 1762 9520 6447 876 6466 2562 6534 568 2033 4533 7755 647 6259 3231 5414 7319 767 1090 3250 196 7140 2226 2052 434 5067 4045 5127 8571 9239 7576 9428 6222 8226 3521 8269 7433 1687 7260 1807 4291 3555 548 2919 7527 2827 350 4673 7848 8906 6775 1556 8738 1968 522 4255 4562 7538 3951 5207 1619 2124 3319 243 1156 147 1278 5281 4228 5373 4768 9669 1141 3254 8067 4895 8068 8200 942 703 5820 5422 9464 2680 11 4077 4435 3662 9031 4266 9504 1976 335 7460 127 5260 4357 6422 9061 2572 605 8649 8944 7308 236 2071 4207 2626 379 8265 2155 3020 8790 8171 5342 2521 321 1244 7383 2583 5151 1130 8476 8549 9059 2391 9629 5677 4102 1026 930 4613 1735 6735 4802 8392 1912 3626 3943 6704 758 6574 7261 8287 4773 6168 2722 5461 6593 2961 8773 9952 9900 6930 2855 2078 3808 7880 7371 1124 4672 4791 443 6390 6348 692 28 9653 3880 3126 8809 2991 7693 9283 7419 5346 1268 1523 4579 7225 6351 2429 8581 857 6979 1926 7577 8848 2874 2137 5568 4483 7920 2086 1809 8696 602 2337 51 5274 8853 5271 128 99 7458 2089 3792 42 9370 6172 4642 9229 4875 3938 3475 6445 7831 9666 7678 9844 4385 8255 5417 6723 1386 3946 6864 7561 6386 4501 7662 3096 6524 3854 1544 5837 6692 8786 2995 5932 3990 9722 7092 5815 2035 9703 5950 3533 3251 1152 6246 7174 2312 9516 1749 2266 9590 8841 1550 7245 227 5688 6299 7443 2165 4379 7053 4138 5574 7617 8228 6785 4334 7801 5042 7954 8538 726 1359 2514 5987 4209 8396 5130 1861 1670 9710 8600 6793 7386 6310 58 7832 488 7513 5516 9185 1873 6389 5475 8475 3661 7069 455 7870 3971 3005 1433 174 3045 2846 7440 7978 7892 5757 3928 4926 9854 8987 4388 8131 9287 5137 5768 4134 947 5162 6951 4137 3094 5332 2532 8626 9240 6008 8345 215 1950 3848 2333 6144 8694 1220 1175 4530 5870 5592 6943 1217 6511 9621 6535 9681 2406 6341 1882 2107 3591 3229 4424 7520 2440 7452 7819 6024 5230 392 4641 815 1767 879 8678 8280 7474 8704 4620 6731 8463 6400 4464 666 3950 1692 8451 8662 2020 2568 9511 2835 1398 2694 4494 3223 9497 3852 5462 6112 3691 3870 1030 2800 7712 300 2992 6326 6815 4217 3371 4208 8777 388 9209 9192 3776 1093 5758 9058 3179 4375 7956 8811 2716 5384 4151 3285 2540 8147 9933 3469 8405 2717 5354 6730 3493 9806 9196 3573 9427 5723 8046 7494 9753 10 5986 2818 2267 1680 1705 1612 5891 2227 4428 3806 2200 1070 8810 9096 4417 8507 9843 8249 7744 9452 490 3439 4678 9012 9339 8702 2146 2484 4438 9712 2365 8740 7984 3177 7550 8743 1448 7851 864 4727 7673 8642 6242 3037 4662 9539 2128 8573 3527 3837 50 8685 5447 1760 6516 1291 1250 2296 1935 5656 2760 7728 6132 3208 1684 2577 3736 6327 2178 934 6563 2381 9771 9954 4744 1415 1125 5595 978 142 4120 9439 5914 805 4229 1866 7822 4876 2360 7996 2191 9665 9512 3504 4918 3560 5015 3264 836 4788 3979 1245 6523 6803 3826 3937 5141 648 4250 4959 5375 1454 8291 3168 1576 8939 1592 6811 4029 6976 2467 9092 73 4970 8020 8949 7587 3636 3665 5875 7424 1656 8426 874 4629 9973 2777 6067 3303 6196 1538 1259 1404 9079 190 9610 8876 1859 449 9191 1281 9420 3281 3198 5810 2432 4748 2513 3066 8583 5010 1122 5559 5358 1815 5188 4927 531 5901 2068 7381 4416 571 6078 2371 5041 2865 8217 7816 2682 2641 9604 2505 4544 8031 2131 7122 7798 5320 1276 1892 4524 1227 5184 4063 7871 5425 5376 8501 5876 3647 6164 9158 2230 4834 8187 9775 8512 3413 4551 737 5913 1929 7270 8012 976 5142 9773 7217 9548 5164 1018 3238 9962 6970 3863 4256 617 3104 5774 5062 1160 6929 7655 2908 3218 8196 6321 2639 3847 5666 351 5772 7853 4549 3739 8433 8152 3090 4850 5864 60 8723 6632 7808 3007 9266 6352 5712 4103 676 6966 404 1733 7952 1712 9595 9837 5853 2076 4124 6901 2116 3330 4350 5821 8022 4984 2047 9117 1552 8978 8602 1352 7351 4123 9571 1170 5941 2133 6378 5473 8953 2964 9676 9971 3348 4806 2346 6028 1747 6556 3450 2282 4790 7955 6308 4604 1957 9416 8156 3166 6663 8887 176 9211 8110 2367 8173 8500 6726 7324 2646 2629 9085 6808 1063 5411 2971 1129 4071 5676 3272 1384 7893 8021 841 4211 246 2354 2132 5636 4441 4655 2373 633 261 6868 8968 8175 2914 2449 1862 9479 1729 7278 575 5442 7668 1292 5855 8776 4145 6178 3456 2512 8798 8048 1399 3365 3366 6936 1790 8872 3969 7776 1921 9989 3547 1342 9748 7935 5508 9754 8178 2640 7187 9013 5740 1584 7591 4058 772 5969 994 6553 1294 4319 3583 7866 7782 6934 7038 9815 8282 3050 7130 6015 9322 9953 6423 9829 4106 9517 6200 813 9834 7447 7370 8754 5229 6705 8657 4956 2501 1758 685 3060 7219 3842 3010 8111 9005 6113 9770 7821 1148 3638 4913 5094 5528 9232 1653 6030 1828 4780 2088 7000 5550 7089 1420 2421 1219 4052 1382 1408 6798 5799 5256 2606 9502 5707 3733 595 1201 9528 9525 4460 3443 6821 7970 2595 6717 120 8422 2625 3948 4565 1424 1989 6143 4969 5068 7492 702 3263 4510 2993 5244 5591 9255 2028 3114 982 6455 2332 6986 8206 2638 8350 4408 8795 8424 7518 7783 6091 4024 8366 5240 7227 1640 8819 2465 1622 3514 9995 8907 7032 9707 4892 431 6860 3617 2437 7471 9115 710 4232 5973 5830 4977 1198 3743 2609 4112 9627 6713 593 1623 5156 4434 9483 2935 5278 7182 975 6364 788 4648 7943 7163 4729 1997 1197 1539 825 5646 7469 8327 8266 6567 5994 944 3728 745 4608 532 8986 4872 924 3380 3887 3967 4093 4757 6949 7009 843 3031 1529 285 444 8514 1572 8108 6693 7789 1465 7941 9567 7416 9565 8580 6876 9839 863 9543 7489 1811 7321 9825 9607 2485 1132 5609 2188 5213 7551 6784 8843 4332 8474 6682 2545 1323 5265 7171 7338 5517 5145 5787 9362 9584 1704 5039 5610 1900 9047 9704 4754 1992 5485 1322 3234 248 6355 6325 2352 4798 8700 4425 3517 8875 3369 2249 1822 4447 1145 2413 8256 7805 3511 8753 274 8045 6926 5923 1995 6504 9928 8411 1725 6619 4663 7704 6710 5486 4541 2308 8310 1024 9332 6414 5505 4223 6065 1266 7043 2573 6549 1357 7028 7499 7543 3117 2455 6234 4766 2774 7491 4396 1621 7983 1925 3634 2769 7223 6794 9176 8309 337 3727 6046 1887 8852 1649 8336 1803 1943 4395 3032 9358 735 4657 7677 2511 6415 5665 551 297 6636 4547 6217 2345 7457 6836 3283 8409 2379 3868 4552 8859 6452 1930 9493 7487 6944 304 4619 4867 1258 6018 1941 347 618 536 7454 8712 4109 9997 8846 1613 4896 7549 9104 5880 3433 3487 5975 2539 1953 7286 9624 2213 2768 4117 4270 7021 6218 4937 1395 6643 4241 3255 708 4789 383 8138 4506 3470 6965 9425 238 8210 2099 1339 8556 3349 7121 8546 3047 3525 8941 7086 5349 5767 6646 1582 5083 5173 961 8647 4078 6311 6138 8094 5992 3035 3512 3682 6911 2062 5939 4845 537 270 9828 9889 2448 4432 3724 9494 9095 4329 3075 956 9083 1812 7825 6278 4975 6294 7468 787 2744 808 2441 6665 2891 7559 6174 4743 5879 5612 4865 8896 1679 4758 8176 3458 8765 8057 1068 8317 33 3596 2347 1792 6572 7972 7262 819 7684 2843 3194 8503 9793 3077 4235 7901 32 4807 2941 3286 9156 3934 1937 4015 979 8747 2886 9640 929 6194 649 8807 6709 8470 7303 2753 9466 8380 2160 1209 2926 6236 728 2268 7958 2707 1948 2983 5123 2111 5272 4856 6672 4310 3959 844 5868 7758 867 7430 6119 1185 7889 7180 5209 170 4676 3871 840 164 4760 5210 7729 3474 7271 8100 9913 6935 3590 3641 6337 6573 8134 8550 4276 8331 1965 7700 3111 1451 2732 2720 7868 6955 5984 1728 5344 3635 3675 7160 2 7508 3044 5995 4361 5582 8908 6579 6183 7067 6542 4764 9300 3335 5737 7293 7459 3215 4826 1443 5112 5771 8659 7505 3133 9093 1239 7199 7294 2117 8938 2633 8614 3605 1372 1358 3148 962 9350 2152 1140 6506 9422 1435 6316 6488 4111 6064 1079 5732 7725 5301 9664 5651 8136 8172 1330 5306 8262 769 1595 2575 2204 2307 6834 8719 1178 8751 1788 9886 8126 7502 7332 5911 2499 7812 281 4734 4877 1406 1387 6603 3678 7099 9304 3160 6562 3143 6148 8686 2654 3230 3151 4016 5964 2077 9481 7042 2138 4203 7077 9272 859 3572 3481 497 2221 9178 6491 4009 3395 6823 3130 2482 3858 729 2027 2214 7093 6613 7120 9380 3054 8787 9798 7368 1341 5627 6134 2604 6583 253 5167 1391 4202 6177 1594 8982 8591 9088 5832 8065 664 7307 889 6585 1849 3159 3576 7427 5313 549 637 3563 4489 9210 2930 130 6745 6673 3383 4403 1886 9925 2229 9489 2938 266 1713 3440 528 4456 9101 5698 1818 8270 3374 8011 4453 4736 3688 7596 6 2236 5520 8420 7135 9297 9776 6566 7363 6165 7041 4108 8215 2858 688 2491 6483 5161 7295 1450 2024 1226 7584 1801 2755 2072 311 6107 3805 6945 4133 9089 4496 6163 9742 5983 135 7228 7314 8648 8123 866 6095 4542 1052 2323 4928 8882 4830 8207 4492 3900 5866 3196 8916 1300 4196 2315 4175 4204 7229 4808 7463 5694 7515 1449 7760 8645 3578 7973 8079 9583 2003 7226 5343 6463 5537 2106 1657 5426 1502 6099 4696 9173 3419 7581 7115 7910 8729 5186 6367 209 8531 9699 177 6187 4994 2667 9026 6711 7346 4097 1952 4215 7548 5917 1007 5908 4638 6459 9812 6971 4831 9491 1770 3940 1336 3239 9469 5660 1920 93 895 9649 2010 5163 5715 4382 7108 4747 1422 9310 5007 782 1618 4511 226 2008 1307 9725 2336 9862 6258 4900 6694 1488 8635 2233 8149 5834 7682 2431 7509 9484 749 2222 372 7965 4674 4244 3757 4640 7399 2656 5567 422 6472 6559 8565 3132 6109 1590 1023 2260 178 3978 5227 1361 2838 9131 320 2658 6347 1559 4032 7837 6791 1591 307 8519 851 1706 1558 4715 6444 5518 8086 7484 5470 9805 4369 7689 8460 2397 3492 6724 7347 3154 4902 6473 3618 6254 3536 2081 7328 6470 9923 8194 7849 7150 1169 8680 9631 466 5756 1057 9447 1881 6293 8394 8620 291 3535 5084 9477 8117 8417 5671 3908 6879 2612 8304 9960 6565 5063 2069 5129 8373 9549 7178 2313 9726 6721 3582 4297 4195 224 2382 4135 5541 2043 4812 9523 5907 7736 5784 4874 9507 3082 8703 5322 6263 6532 2590 6790 7151 1571 7800 9205 2085 3650 3925 8464 6708 1799 9976 8945 7175 9172 9675 4548 1116 3954 6004 1674 9183 1701 1313 5604 9253 7428 7670 1641 1833 7942 415 2561 1838 5996 2899 1211 1412 4257 7844 5381 7746 4738 234 800 6776 4829 4746 7060 2416 3257 4240 6034 5565 8466 4718 1283 8492 9534 6089 268 7490 6430 6025 6555 8606 3899 7637 9938 8695 3598 523 1690 4986 6493 4378 5741 2660 940 9733 394 2811 6942 4404 5102 3606 3213 3796 391 7917 2203 5467 9847 3953 3407 5248 3418 6698 8741 7213 3874 7216 723 5856 3171 3064 5317 8308 3693 4386 5755 8009 6657 2444 4430 118 2289 6359 2087 4795 31 8885 8376 3974 5824 5472 2795 9349 3565 1411 3120 4333 5628 2446 6686 8867 7343 5291 1366 4967 5479 2622 233 468 9833 4870 1242 8385 2181 1759 1071 9769 7840 1560 4887 789 1466 7411 3859 7209 6176 6755 7615 6356 8909 2746 8552 8722 7953 8075 8074 9531 8977 8347 1074 8150 2119 6022 1389 8533 8539 6266 9581 9014 6336 1602 2326 4680 4535 2295 4705 9594 6920 9367 5292 1802 9591 353 8832 8245 2830 2206 7359 3888 491 3434 114 1255 1456 6450 7020 2829 7899 8698 3115 9202 1933 250 7767 1694 3827 3014 8078 6582 446 8510 2977 3754 7934 9659 1597 2596 1565 4699 3288 9193 1832 8102 5441 2196 2719 7164 7727 8219 3660 2859 9146 5069 792 8495 6209 7817 3089 6884 3966 4125 2872 814 9107 2108 8261 4374 293 338 750 344 8169 2517 6753 3378 7298 5366 9683 424 9615 6601 336 3360 3838 7756 260 4116 2258 1789 8467 3714 1308 862 7059 9657 4772 2331 5459 7928 906 3923 3530 1081 4439 2238 6931 1850 7057 8446 5630 9347 2350 6885 486 2327 5662 7900 3291 9331 2180 9291 3984 3416 4471 7004 8263 2054 4940 2234
                                
leaks:
	leaks --atExit -- ./PmergeMe 5 1 2 4 3

.PHONY: all clean fclean re run